/tp @p -2380 ~ -1196
711238331359716738
885189866966902146
1756354919886382466
2258224803361482114
3688399160028325250
4004777033851102594
5946672898177918338
7494503795109815682
8922989301916394882
8940722225449166210
-9136726678816004734
-8659626593291442814
-8604176022879443582
-7652509126620715646
-7587206932023843454
-7463357942271154814
-5118108436317969022
-4249476658188884606
-3768435922990373502
-3097681053488880254
-2252693173403490942

/tp @p -1596 ~ -1948
1305106463549641153
1524093995430531521
1685942107039158721
1760251500890771905
2771872567188869569
2836893286809031105
3213788280624599489
3451916110921814465
3479782133616169409
3574639200767660481
3780678883719860673
4213024447947428289
5416611448362193345
5421677997942985153
6337316097182749121
7459556829328134593
7649270963631116737
8230516790538621377
-8998566533920632383
-8249843095870287423
-7785690859274415679
-7285509825659579967
-7054700344756842047
-6272481384477929023
-5363880159655931455
-4952645218681663039
-4739850136288407103
-4540284377800551999
-3177101065590844991
-752757091181964863

/tp @p 1604 ~ 1556
123028312747859416
298105748261887448
326816195886374360
594217423761497560
1333089237626969560
1517455347372449240
1889002316630515160
1915179489464606168
2579741909478464984
4107869558040616408
4225244623328959960
4856874471067672024
4932028289849417176
5708336275617406424
6115912041894436312
6365861821213498840
7023950316763012568
7188050228185325016
7991098336740826584
8313668660051238360
9218329235199286744
-8839134945719427624
-8237622920488755752
-7999213615214830120
-7854816952162263592
-7771218884079198760
-7175617833359450664
-7175899308336161320
-7109471213832446504
-6939741802875920936
-6757064542990705192
-6574950233058910760
-6228173061751382568
-5978504757409030696
-5475508974027088424
-5278195015352918568
-3874760781473587752
-3824658235619090984
-3820436110968431144
-3735712142978523688
-1744839632704053800
-1654767640156643880
-1556251398307914280
-1514874576731447848
-985701620515414568
-935880549637628456
-394604169423036968

/tp @p 1204 ~ -812
577431651433017332
692836391884386292
1433397055610122228
2034064655910662132
3070455520159297524
3407944017235374068
4044921889531588596
4834459199204978676
5045565431737970676
5330981058122575860
5380239179046940660
5647358931945353204
5936715208003907572
6088430220450951156
6365401597534236660
6952558398952665076
7813590352710561780
7934906067672854516
8118146277511491572
-9001161806030606348
-8414286479588888588
-8247934768352890892
-7099798338350125068
-7063488066354450444
-6181064014366543884
-5051223457849970700
-4498969553543663628
-4347817491050041356
-4176399230233251852
-4013706693694492684
-2786194320259321868
-2771276146493657100
-2593946911165943820
-2084477203319656460
-947036822431895564
-687235418927960076
-662465620977422348

/tp @p 2436 ~ 836
19301528582673619
157787217124316371
158350167077737683
165949991448925395
307813379711096019
462624616901956819
514978962570138835
654590551018624211
1250191601738372307
1519000204497048787
1961760342862910675
2135148928516674771
2183562624510907603
2922997388329800915
3011099056040236243
3015321180690896083
3041216878548276435
3352246727813551315
4983112742875092179
5390125559198700755
5531707472484160723
7807995609143235795
-8897262783657487149
-8081829776126716717
-7317625214357285677
-7027143038391888685
-6974507217746996013
-6932285971240397613
-6672203092759751469
-6002574123165100845
-5962604676472187693
-5845511086160554797
-5547992035777391405
-5434276145186286381
-5312116005293861677
-5207407313957497645
-4985886507286211373
-4816720046283107117
-4381559732288432941
-4115002929343441709
-4046041560049330989
-3610881246054656813
-3405685988032588589
-2428686343869901613
-2019703202709318445
-1794523221340793645
-1783827172225788717
-1659696707496389421
-1580320764063984429
-504804878052567853
-67111289267497773

/tp @p -972 ~ 1012
935285238862824180
2503945284071310068
2865640629144503028
4088367927975592692
4339443607201497844
4664265730325594868
4684813403625472756
4847505940164231924
4873964587975033588
5424811117397787380
6015908568490164980
7185155621746230004
7202044120348869364
7847184766969692916
8943529801257698036
9053023567198143220
-6209675569960467724
-5750589882945387788
-5591837996080577804
-4513507360302054668
-3997000778038000908
-3970542130227199244
-2804672776691662092
-1712549867054316812
-1028565673647422732
-443660672042679564

/tp @p -2124 ~ 708
105198896635679254
588491431647875606
614950079458677270
686726198519894550
735702844467548694
770887216556380694
1029562720153473558
1347629443836514838
1548321102231212566
1550009952091476502
1581535149483069974
1963215217902719510
2031332162266698262
2052442785519997462
2289444715910369814
2705464731488719382
3048582728099009046
3637991329331122710
3767751293594735126
5020596414933864982
5168933727660380694
5379477010239951382
5638152513837044246
5648848562952049174
6183369543725584918
6205043116932305430
6476666469458088470
7493635560313688598
7692075418894701078
8046170939596706326
8141872431678329366
8977008687578845718
8996148985995170326
9031614833060712982
9164471022068142614
-8607577532465966570
-8384649350911127018
-8085441450667699690
-7977073584634097130
-7972851459983437290
-7836054621302058474
-7608341365143137770
-7204987723516767722
-7022591938608262634
-6893676399274782186
-5892469907114978794
-5873329608698654186
-5786916790848482794
-5740191944714513898
-5416495721497259498
-5230722236868226538
-5154442518179638762
-4973735583131397610
-4898018814396231146
-4774451299620253162
-4558559992483180010
-4262166842006859242
-4152673076066414058
-4094689230864018922
-4041208985288994282
-3853183700846276074
-3809555079456124394
-3490925405819661802
-3316692395235765738
-2585983355694902762
-1569014264839302634
-1071929455968284138
-1021826910113787370
-717270985312857578
-528119800963296746

/tp @p -1276 ~ 900
254675322050927451
373176287246113627
400760834963757915
601733968335166299
1084182078417230683
1198742393938467675
3112772235570928475
3203970128025181019
3362722014889991003
3902872495197739867
4642307259016633179
5636758351735380827
6554929725765540699
6939706018929007451
7508848421837953883
7749228051948854107
8219291263055649627
-8706643511486227621
-6913647909839348901
-6907173985375003813
-6836805241197339813
-5164562404559332517
-4492118685197575333
-3921568907405075621
-3892858459780588709
-3843600338856223909
-2898970317015262373
-1517491131319362725
-1319895697668482213
